                      0.15                      0.83                        -1
                      0.09                      0.55                        -1
                      0.29                      0.35                        -1
                      0.38                       0.7                        -1
                      0.52                      0.44                        -1
                      0.57                      0.73                        -1
                      0.73                      0.75                        -1
                      0.47                      0.06                        -1
                       0.1                      0.29                         1
                      0.08                      0.15                         1
                      0.23                      0.16                         1
                       0.7                      0.19                         1
                      0.62                      0.47                         1
                      0.91                      0.27                         1
                      0.65                       0.9                         1
                      0.75                      0.36                         1
