                      83.3                      79.1                        -1
                     230.4                      65.7                        -1
                     301.5                      44.9                        -1
                       466                      82.2                        -1
                     484.9                      65.7                        -1
                     665.2                      76.4                        -1
                     541.8                      37.5                        -1
                     782.2                      76.3                        -1
                     903.9                      54.2                        -1
                    1049.4                      69.8                        -1
                     132.4                      24.9                        -1
                       213                      15.9                        -1
                        96                       3.8                        -1
                     236.7                         7                        -1
                     374.3                      34.9                         1
                     320.5                      28.2                         1
                     413.8                      26.8                         1
                     481.8                      14.7                         1
                     565.6                      12.6                         1
                     608.3                      22.6                         1
                     712.6                      42.1                         1
                     747.4                      32.2                         1
                       975                      47.8                         1
                     973.5                      29.6                         1
                       866                      14.5                         1
                    1103.1                       3.8                         1
                    1084.1                      38.7                         1
