   -0.1022   -0.8637   -1.0891   -1
   -0.2414    0.0774    0.0326   -1
    0.3192   -1.2141    0.5525   -1
    0.3129   -1.1135    1.1006   -1
   -0.8649   -0.0068    1.5442   -1
   -0.0301    1.5326    0.0859   -1
   -0.1649   -0.7697   -1.4916   -1
    0.6277    0.3714   -0.7423   -1
    1.0933   -0.2256   -1.0616   -1
    1.1093    1.1174    2.3505   -1
    0.3844    2.4193   -0.1480    1
    1.7481    1.2916    1.1049    1
    0.8076    1.1978    1.7223    1
    1.8886    2.5877    3.5855    1
    0.2352    0.1955    0.3331    1
   -0.4023    1.6966    1.1873    1
   -0.4224    1.8351    0.9175    1
    1.4882    0.7563   -0.9330    1
    0.8226    1.2157    0.5610    1
    0.8039   -0.1658   -0.7947    1
